0
0
0
0
0
0
0
0
0
0
0
0
0
0
0
0
0
0
0
0
0
0
0
0
0
0
0
0
0
0
0
0
1
0
0
0
0
0
0
0
0
0
0
0
0
0
0
0
0
0
0
0
0
0
0
0
0
0
0
0
0
0
0
0
-877
445
-40
-76
67
946
217
-1395
-1319
-893
259
-1225
645
545
-1625
-1411
1969
1068
567
530
-583
1188
-431
-788
257
-976
-137
-1661
-568
619
-548
-1228
-1725
1935
-2030
1328
-734
1514
-449
714
1242
-130
-1298
1785
-1129
-424
365
-135
-1544
1248
-2032
1776
841
1748
-1130
-780
795
816
-1962
756
-578
-1100
-596
352
-1987
-161
151
-1646
-208
-1389
-1200
1643
1734
315
-1775
1961
546
-584
1815
-1429
1090
-1549
1626
1138
322
1880
1116
1830
-1025
-456
1225
-1172
446
1346
398
-44
